===========[ Iteration     0 ]=================================================================================================

util_core : 0(60) 0(1536) 0(416) 0(512) 0(1664) 0(384) 0(128) 0(224) 0(832) 
util_queue : 0(758) 0(1656) 0(2552) 0(790) 
Host:       0            1            2            3            4            5            6            7            8        
H.Util:    0.000000     0.000000     0.000000     0.000000     0.000000     0.000000     0.000000     0.000000     0.000000   
Queue:      0            1            2            3        
Q.Util:    0.000000     0.000000     0.000000     0.000000   
Ovr.Util:  0.000000   
==== total : 22467 ==== delegate_job_num : 0 fetcher_job_num : 0 dispatcher_job_num : 0 execute_job_num : 0 release_job_num : 0
===========[ Iteration     1 ]=================================================================================================

util_core : 0(60) 0(1536) 0(416) 0(512) 0(1664) 0(384) 0(128) 0(224) 0(832) 
util_queue : 0(758) 0(1656) 0(2552) 0(790) 
Host:       0            1            2            3            4            5            6            7            8        
H.Util:    0.000000     0.000000     0.000000     0.000000     0.000000     0.000000     0.000000     0.000000     0.000000   
Queue:      0            1            2            3        
Q.Util:    0.000000     0.000000     0.000000     0.000000   
Ovr.Util:  0.000000   
==== total : 22467 ==== delegate_job_num : 0 fetcher_job_num : 0 dispatcher_job_num : 0 execute_job_num : 0 release_job_num : 0
